ISS (ZARYA)             
1 25544U 98067A   24281.94613913  .00060656  00000+0  10827-2 0  9995
2 25544  51.6396 116.8808 0009356  47.4323  95.8615 15.49426003476038
CSS (TIANHE)            
1 48274U 21035A   24281.54948952  .00045979  00000+0  47136-3 0  9996
2 48274  41.4653 117.8365 0003106 148.3610 211.7417 15.64136340196679
ISS (NAUKA)             
1 49044U 21066A   24281.59800541  .00034775  00000+0  62724-3 0  9994
2 49044  51.6368 118.6064 0009050  47.0361 313.1385 15.49383384182073
FREGAT DEB              
1 49271U 11037PF  24281.56271183  .00030233  00000+0  76787-1 0  9991
2 49271  51.6219  23.9183 0903182   6.6506 354.5443 12.21093146148911
CSS (WENTIAN)           
1 53239U 22085A   24281.54948952  .00045976  00000+0  47133-3 0  9993
2 53239  41.4653 117.8365 0003106 148.3609 211.7418 15.64136337124391
CSS (MENGTIAN)          
1 54216U 22143A   24281.54948952  .00045979  00000+0  47136-3 0  9990
2 54216  41.4653 117.8365 0003106 148.3610 211.7417 15.64136340110599
TIANZHOU-7              
1 58811U 24013A   24281.54948952  .00045976  00000+0  47133-3 0  9997
2 58811  41.4653 117.8365 0003106 148.3609 211.7418 15.64136337474884
CREW DRAGON 8           
1 59097U 24042A   24281.59800541  .00034775  00000+0  62724-3 0  9990
2 59097  51.6368 118.6064 0009050  47.0361 313.1385 15.49383384 33730
1998-067WL              
1 59561U 98067WL  24281.51855216  .00173965  00000+0  12040-2 0  9995
2 59561  51.6258 106.7754 0002995 262.6411  97.4248 15.73435604 26866
SHENZHOU-18 (SZ-18)     
1 59591U 24078A   24281.54948952  .00045979  00000+0  47136-3 0  9990
2 59591  41.4653 117.8365 0003106 148.3610 211.7417 15.64136340 25775
SZ-17 MODULE            
1 59624U 23164C   24281.82324729  .00165434  00000+0  79327-3 0  9999
2 59624  41.4714 106.4907 0012885 320.4448  39.5458 15.81308684 25268
PROGRESS-MS 27          
1 59913U 24103A   24281.59800541  .00034775  00000+0  62724-3 0  9995
2 59913  51.6368 118.6064 0009050  47.0361 313.1385 15.49383384 20452
CYGNUS NG-21            
1 60378U 24139A   24281.59800541  .00034775  00000+0  62724-3 0  9991
2 60378  51.6368 118.6064 0009050  47.0361 313.1385 15.49383384  9995
PROGRESS-MS 28          
1 60450U 24145A   24281.85600023  .00039679  00000+0  71348-3 0  9991
2 60450  51.6372 117.3293 0009160  47.7241 312.4523 15.49407274475502
BINAR-4                 
1 60952U 98067WS  24281.80066350  .00463504  00000+0  41485-2 0  9992
2 60952  51.6304 115.4598 0000711 197.5142 162.5829 15.66327000  6148
COSMOGIRLSAT            
1 60953U 98067WT  24281.78857502  .00227828  00000+0  26622-2 0  9990
2 60953  51.6334 116.1335 0005729  86.4796 273.6852 15.60286614  6132
SAKURA                  
1 60954U 98067WU  24281.83808274  .00271745  00000+0  29957-2 0  9990
2 60954  51.6329 115.7144 0004661  89.6639 270.4889 15.61656138  6144
1998-067WV              
1 60955U 98067WV  24281.64669804  .00824206  00000+0  47549-2 0  9997
2 60955  51.6290 115.1762 0005346 252.1150 107.9266 15.75780687  6132
BINAR-2                 
1 60956U 98067WW  24281.81481957  .00397754  00000+0  39304-2 0  9991
2 60956  51.6258 115.5452 0002237 114.1469 245.9760 15.64048717  6134
BINAR-3                 
1 60957U 98067WX  24281.78657175  .00448430  00000+0  38789-2 0  9999
2 60957  51.6286 115.3633 0000647 229.5850 130.5089 15.67221981  8126
1998-067WY              
1 60958U 98067WY  24281.79573425  .00211593  00000+0  25424-2 0  9996
2 60958  51.6350 116.1831 0006194  83.9610 276.2089 15.59609806  6120
SOYUZ-MS 26             
1 61043U 24162A   24281.59800541  .00034775  00000+0  62724-3 0  9997
2 61043  51.6368 118.6064 0009050  47.0361 313.1385 15.49383384475981
CREW DRAGON 9           
1 61447U 24178A   24281.59800541  .00034775  00000+0  62724-3 0  9992
2 61447  51.6368 118.6064 0009050  47.0361 313.1385 15.49383384  1388
